-842
527
91
-374
639
-215
308
764
-951
122
473
-688
15
399
-560
831
-102
245
716
-389
587
-734
302
913
-176
447
-609
278
965
-511
-124
679
-342
190
823
-257
534
-901
112
460
-785
371
-698
254
803
-467
119
692
-333
540
271
-845
398
-179
726
-512
63
954
-221
387
-630
145
809
-274
532
-913
207
680
-459
311
874
-98
426
-761
195
642
-334
517
-208
733
-571
84
299
-420
658
-137
923
-286
471
105
-749
332
-610
188
795
-423
260
617
-95
842
173
-538
409
-312
586
-174
931
-267
354
720
-401
239
-689
514
87
-756
623
-322
468
191
-834
275
-599
340
782
-158
429
-691
57